#{faction:[{province:[[x,y],[troopdata]],city:[[x,y],[citydata]]}]}


SPI;English;England;[[0,0],[[300,8,3,4,1],[150,1,3,1,0],[450,2,1,1,0],[900],[1,1]]]

SPI;French;France;[[200,200],[[450,3,5,5,0],[300,6,3,3,1],[120,3,3,1,0],[870],[1,0]]]

SPI;German;Rhineland;[[400,400],[[250,3,5,5,0],[400,6,3,3,1],[250,3,3,1,0],[900],[1,2]]]

SPI;German;Bavaria;[[400,400],[[250,3,5,5,0],[400,6,3,3,1],[250,3,3,1,0],[900],[1,2]]]


BREAK,BREAK,BREAK,BREAK,BREAK,BREAK

SCI;English;London;[[100,100],[["CITY","City.png"],[[300,8,3,4,1],[150,1,3,1,0],[450,2,1,1,0],[900],[0,0]]]

SCI;French;Paris;[[300,300],[["CASTLE","Castle.png"],[[450,3,5,5,0],[300,6,3,3,1],[120,3,3,1,0],[870],[0,0]]]

SCI;German;Berlin;[[500,500],[["CITY","City.png"],[[250,3,5,5,0],[400,6,3,3,1],[250,3,3,1,0],[900],[0,0]]]

SCI;German;Munchen;[[600,600],[["NONE","pixel.png"],[[250,3,5,5,0],[400,6,3,3,1],[250,3,3,1,0],[900],[0,0]]]
